=== 五彩鋅電鍍色彩分析報告 ===
批次標籤: OK1
分析時間: 2025-07-18 14:37:02
圖片數量: 181

=== 統計摘要 ===
RGB平均值:
  R通道: 均值=145.71, 標準差=8.82
  G通道: 均值=173.03, 標準差=6.06
  B通道: 均值=142.77, 標準差=7.21

HSV特徵:
  飽和度: 均值=54.10, 標準差=9.47
  亮度: 均值=173.81, 標準差=5.96
  主導色調: 均值=104.18°, 標準差=17.58°

色彩豐富度指數: 均值=44.46, 標準差=3.35

=== 詳細數據 ===
檔名,R均值,G均值,B均值,飽和度,亮度,主導色調,色彩豐富度,有效像素數
0_3_roi.png,155.14,182.39,139.37,64.47,182.71,92.00,43.59,395720
100_3_roi.png,158.29,171.53,148.91,41.81,173.27,86.00,47.64,395720
101_3_roi.png,138.76,167.35,140.86,51.58,168.00,110.00,45.53,395720
102_3_roi.png,136.52,166.19,139.41,54.11,166.97,110.00,51.72,395720
103_3_roi.png,141.36,167.24,148.82,43.35,168.04,160.00,42.87,395720
104_3_roi.png,135.22,165.29,136.69,55.88,165.89,110.00,45.74,395720
105_3_roi.png,141.59,166.68,148.87,43.87,168.00,160.00,50.13,395720
106_3_roi.png,136.90,168.28,138.33,57.74,168.96,110.00,51.60,395720
107_3_roi.png,155.54,176.72,144.08,52.95,177.38,92.00,47.36,395720
108_3_roi.png,153.34,178.57,143.66,56.40,179.24,92.00,47.39,395720
109_3_roi.png,133.92,174.15,152.55,60.15,174.88,146.00,34.65,395720
10_3_roi.png,150.20,185.52,143.89,66.07,185.85,98.00,43.98,395720
110_3_roi.png,148.88,167.43,149.36,39.41,168.76,96.00,40.02,395720
111_3_roi.png,140.37,166.47,143.38,47.23,167.38,110.00,44.20,395720
112_3_roi.png,155.25,175.50,147.29,48.92,176.44,92.00,42.69,395720
113_3_roi.png,138.25,169.29,140.02,54.96,169.83,110.00,45.74,395720
114_3_roi.png,154.48,179.89,145.58,55.10,180.63,92.00,47.75,395720
115_3_roi.png,139.33,163.89,146.36,42.85,164.91,160.00,40.30,395720
116_3_roi.png,131.49,168.28,122.61,74.83,168.66,102.00,43.56,395720
117_3_roi.png,153.87,177.55,146.04,51.63,178.27,92.00,45.44,395720
118_3_roi.png,137.30,166.10,142.38,50.09,167.00,110.00,43.04,395720
119_3_roi.png,153.83,184.49,144.76,62.62,184.95,88.00,41.97,395720
11_3_roi.png,136.01,168.60,137.39,57.72,169.08,110.00,40.78,395720
120_3_roi.png,152.97,180.79,142.63,59.31,181.49,92.00,43.94,395720
121_3_roi.png,157.70,174.49,152.54,40.30,175.69,92.00,43.11,395720
122_3_roi.png,135.86,167.47,133.96,60.23,167.92,106.00,44.17,395720
123_3_roi.png,137.58,168.67,139.60,56.19,169.38,110.00,49.81,395720
124_3_roi.png,135.30,169.18,135.31,60.81,169.57,110.00,40.89,395720
125_3_roi.png,154.70,180.17,146.05,54.52,180.77,92.00,43.02,395720
126_3_roi.png,154.18,180.26,144.90,56.46,181.03,92.00,43.72,395720
127_3_roi.png,150.21,182.39,145.12,59.69,182.77,100.00,39.56,395720
128_3_roi.png,136.70,170.85,136.53,60.92,171.37,110.00,42.56,395720
129_3_roi.png,137.68,167.00,140.24,52.31,167.43,110.00,47.74,395720
12_3_roi.png,152.39,174.58,145.39,50.22,175.40,92.00,45.68,395720
130_3_roi.png,140.44,165.04,144.90,43.95,166.02,160.00,47.63,395720
131_3_roi.png,154.20,173.98,150.37,42.44,175.04,92.00,44.59,395720
132_3_roi.png,158.36,179.85,148.86,51.15,180.92,92.00,45.94,395720
133_3_roi.png,136.39,171.41,133.71,64.39,171.76,106.00,43.49,395720
134_3_roi.png,155.95,179.12,147.22,52.15,179.78,92.00,43.15,395720
135_3_roi.png,138.36,171.43,135.70,61.32,171.79,106.00,41.88,395720
136_3_roi.png,139.77,167.29,143.84,48.53,167.96,138.00,42.38,395720
137_3_roi.png,147.19,181.99,146.18,61.23,182.29,92.00,37.94,395720
138_3_roi.png,154.88,177.99,146.31,52.71,178.97,92.00,45.93,395720
139_3_roi.png,155.15,182.55,140.05,63.94,182.97,88.00,43.14,395720
13_3_roi.png,154.86,180.58,146.52,56.03,181.40,92.00,44.49,395720
140_3_roi.png,152.73,182.26,146.18,57.65,182.79,92.00,42.32,395720
141_3_roi.png,138.24,169.00,134.11,61.64,169.45,100.00,38.70,395720
142_3_roi.png,136.31,165.62,140.28,52.08,166.26,110.00,42.29,395720
143_3_roi.png,135.16,171.33,128.99,69.37,171.71,102.00,39.63,395720
144_3_roi.png,153.57,182.86,141.22,63.70,183.33,92.00,43.83,395720
145_3_roi.png,133.94,167.27,137.29,57.58,167.72,110.00,42.90,395720
146_3_roi.png,150.78,185.70,158.56,53.02,186.29,110.00,37.14,395720
147_3_roi.png,155.32,173.92,151.93,41.59,175.49,92.00,40.48,395720
148_3_roi.png,136.69,168.02,137.96,56.34,168.68,110.00,46.64,395720
149_3_roi.png,155.61,173.29,151.94,41.21,174.63,92.00,43.24,395720
14_3_roi.png,135.01,169.09,134.06,62.47,169.47,110.00,47.36,395720
150_3_roi.png,153.05,184.96,141.62,65.66,185.29,92.00,42.46,395720
151_3_roi.png,144.93,157.38,150.33,26.89,159.39,160.00,47.12,395720
152_3_roi.png,156.20,179.30,146.18,53.78,180.20,92.00,49.53,395720
153_3_roi.png,154.68,167.99,158.48,29.57,170.12,86.00,36.50,395720
154_3_roi.png,155.16,178.90,146.51,52.32,179.53,92.00,44.47,395720
155_3_roi.png,136.39,166.53,137.79,55.24,167.13,110.00,42.76,395720
156_3_roi.png,140.12,169.04,147.35,48.32,169.92,138.00,38.12,395720
157_3_roi.png,134.69,168.67,135.21,60.68,169.04,110.00,42.64,395720
158_3_roi.png,136.22,167.73,140.19,54.33,168.32,110.00,42.73,395720
159_3_roi.png,155.23,183.67,147.29,57.75,184.20,92.00,42.74,395720
15_3_roi.png,132.90,168.25,129.67,66.76,168.61,106.00,41.23,395720
160_3_roi.png,134.86,169.39,135.09,61.94,169.85,110.00,43.41,395720
161_3_roi.png,155.24,186.58,141.94,65.50,186.85,92.00,37.36,395720
162_3_roi.png,151.18,180.48,143.58,58.55,180.90,92.00,41.52,395720
163_3_roi.png,136.82,170.11,138.68,57.70,170.57,110.00,41.90,395720
164_3_roi.png,148.90,181.46,145.26,58.79,181.87,100.00,36.70,395720
165_3_roi.png,151.83,186.02,141.94,68.20,186.31,88.00,38.78,395720
166_3_roi.png,153.77,169.06,152.89,35.08,170.54,92.00,44.28,395720
167_3_roi.png,157.07,178.45,149.79,48.16,179.38,92.00,44.89,395720
168_3_roi.png,135.40,170.49,133.42,65.63,171.08,106.00,45.37,395720
169_3_roi.png,157.16,184.55,139.21,65.94,184.90,92.00,39.20,395720
16_3_roi.png,149.63,176.71,140.69,58.94,177.24,92.00,45.43,395720
170_3_roi.png,142.22,166.09,148.24,42.04,167.18,160.00,45.97,395720
171_3_roi.png,135.72,169.94,130.68,67.57,170.51,102.00,48.08,395720
172_3_roi.png,150.21,181.11,145.56,57.94,181.64,100.00,41.38,395720
173_3_roi.png,151.65,177.09,146.55,51.40,177.88,92.00,49.57,395720
174_3_roi.png,151.84,176.27,144.19,52.76,176.90,92.00,41.55,395720
175_3_roi.png,137.62,168.77,130.61,65.92,169.32,98.00,48.05,395720
176_3_roi.png,135.36,167.52,137.53,56.40,168.08,110.00,41.45,395720
177_3_roi.png,154.40,178.39,141.83,57.44,179.08,92.00,46.69,395720
178_3_roi.png,138.67,168.92,142.43,51.99,169.43,110.00,47.02,395720
179_3_roi.png,136.30,170.06,134.40,61.75,170.51,110.00,42.71,395720
17_3_roi.png,153.99,171.96,154.71,39.04,174.00,92.00,49.73,395720
180_3_roi.png,136.92,171.11,134.25,63.32,171.57,106.00,46.53,395720
18_3_roi.png,142.86,166.30,151.15,40.16,167.66,160.00,44.31,395720
19_3_roi.png,153.84,180.93,144.17,57.73,181.51,92.00,43.85,395720
1_3_roi.png,134.49,170.92,134.10,63.75,171.33,110.00,45.01,395720
20_3_roi.png,149.77,184.20,136.11,72.32,184.48,92.00,37.76,395720
21_3_roi.png,150.59,179.84,144.84,57.61,180.24,92.00,41.94,395720
22_3_roi.png,137.43,170.23,135.92,60.72,170.83,106.00,49.32,395720
23_3_roi.png,136.56,170.48,130.74,66.23,170.79,98.00,41.17,395720
24_3_roi.png,154.37,172.10,152.71,41.93,174.37,92.00,49.51,395720
25_3_roi.png,136.65,169.81,130.38,67.00,170.21,102.00,45.38,395720
26_3_roi.png,134.99,166.35,129.82,63.83,166.83,106.00,42.92,395720
27_3_roi.png,134.95,169.98,128.43,69.64,170.42,102.00,53.39,395720
28_3_roi.png,137.74,169.22,139.80,56.23,169.84,110.00,50.82,395720
29_3_roi.png,157.06,177.54,145.50,51.63,178.27,88.00,45.52,395720
2_3_roi.png,133.81,167.57,131.17,63.64,168.03,110.00,47.53,395720
30_3_roi.png,133.12,168.55,133.89,63.25,168.94,110.00,43.72,395720
31_3_roi.png,154.96,173.20,153.68,40.28,174.93,92.00,49.78,395720
32_3_roi.png,153.66,169.59,154.28,36.46,171.76,92.00,45.20,395720
33_3_roi.png,156.24,177.58,144.98,52.65,178.27,92.00,46.26,395720
34_3_roi.png,156.51,181.09,141.17,60.99,181.61,92.00,45.44,395720
35_3_roi.png,151.37,181.14,143.23,59.32,181.71,92.00,40.22,395720
36_3_roi.png,139.29,170.82,126.86,70.92,171.15,98.00,47.27,395720
37_3_roi.png,154.32,178.89,142.40,58.08,179.66,92.00,46.50,395720
38_3_roi.png,153.39,170.89,157.50,36.64,173.20,92.00,45.00,395720
39_3_roi.png,136.56,166.85,139.08,54.60,167.68,106.00,50.55,395720
3_3_roi.png,154.20,182.07,148.87,53.86,182.58,100.00,43.25,395720
40_3_roi.png,139.13,170.47,132.71,63.12,170.89,102.00,45.96,395720
41_3_roi.png,156.63,176.96,146.46,50.47,177.81,92.00,48.60,395720
42_3_roi.png,154.48,174.07,149.26,44.47,175.22,92.00,46.18,395720
43_3_roi.png,142.88,164.67,146.62,40.23,165.80,110.00,46.36,395720
44_3_roi.png,137.45,168.33,139.72,55.44,168.82,110.00,40.29,395720
45_3_roi.png,154.60,167.40,156.15,31.36,169.81,86.00,44.18,395720
46_3_roi.png,158.73,174.97,146.87,46.54,175.77,86.00,46.99,395720
47_3_roi.png,154.38,174.72,148.40,46.24,175.64,92.00,46.34,395720
48_3_roi.png,133.68,166.61,133.42,60.93,167.05,106.00,43.47,395720
49_3_roi.png,155.07,173.01,152.55,41.07,174.38,92.00,46.60,395720
4_3_roi.png,134.35,168.62,134.57,62.34,169.19,110.00,52.28,395720
50_3_roi.png,154.66,172.40,149.82,41.88,173.64,92.00,47.34,395720
51_3_roi.png,142.19,168.19,144.82,47.69,169.24,110.00,48.18,395720
52_3_roi.png,157.09,176.35,153.27,43.06,177.50,92.00,46.62,395720
53_3_roi.png,141.32,167.61,145.52,45.90,168.43,110.00,46.72,395720
54_3_roi.png,155.92,183.42,145.03,58.65,183.80,92.00,43.50,395720
55_3_roi.png,138.72,171.85,135.70,61.82,172.29,110.00,45.25,395720
56_3_roi.png,135.85,173.59,150.75,56.69,174.21,138.00,44.12,395720
57_3_roi.png,157.07,176.04,149.36,45.92,177.05,92.00,46.58,395720
58_3_roi.png,132.61,170.03,131.23,67.28,170.50,110.00,45.59,395720
59_3_roi.png,140.14,166.68,146.63,44.81,167.50,138.00,42.81,395720
5_3_roi.png,153.20,180.42,142.25,60.04,180.89,92.00,44.08,395720
60_3_roi.png,151.40,177.51,145.96,54.16,178.13,92.00,47.36,395720
61_3_roi.png,151.77,182.45,138.47,66.20,182.91,92.00,40.49,395720
62_3_roi.png,154.07,178.61,141.68,57.47,179.11,92.00,45.42,395720
63_3_roi.png,154.73,184.11,143.73,61.96,184.55,92.00,45.65,395720
64_3_roi.png,136.71,167.79,136.87,56.62,168.22,110.00,44.99,395720
65_3_roi.png,140.52,165.49,147.73,42.58,166.67,160.00,49.34,395720
66_3_roi.png,136.08,167.97,144.25,52.96,168.74,138.00,41.91,395720
67_3_roi.png,155.13,172.42,151.91,40.61,173.71,92.00,46.04,395720
68_3_roi.png,152.58,175.60,145.14,51.38,176.26,92.00,43.90,395720
69_3_roi.png,152.98,167.58,156.11,32.44,169.90,96.00,44.00,395720
6_3_roi.png,139.70,167.25,144.89,47.38,168.11,110.00,42.98,395720
70_3_roi.png,136.04,168.20,136.46,58.62,168.59,110.00,44.60,395720
71_3_roi.png,131.89,166.76,129.69,65.87,167.24,106.00,39.93,395720
72_3_roi.png,137.96,165.24,142.81,48.32,166.00,138.00,49.28,395720
73_3_roi.png,153.72,175.21,150.50,45.74,176.86,92.00,46.37,395720
74_3_roi.png,154.06,169.51,154.31,36.20,171.67,92.00,43.02,395720
75_3_roi.png,137.45,164.20,142.25,47.76,165.06,110.00,41.90,395720
76_3_roi.png,136.26,169.93,140.99,57.09,170.41,110.00,46.03,395720
77_3_roi.png,136.24,167.17,134.90,58.73,167.66,110.00,45.98,395720
78_3_roi.png,151.94,176.70,147.04,50.31,177.40,92.00,44.24,395720
79_3_roi.png,152.37,177.64,143.17,55.72,178.36,92.00,46.57,395720
7_3_roi.png,157.29,177.21,150.14,46.56,178.09,92.00,45.33,395720
80_3_roi.png,154.49,177.88,147.67,50.81,178.65,92.00,46.36,395720
81_3_roi.png,135.28,168.34,134.21,61.31,168.86,110.00,45.19,395720
82_3_roi.png,152.22,181.42,145.29,57.47,181.90,92.00,39.58,395720
83_3_roi.png,154.44,175.84,145.31,50.74,176.90,86.00,52.40,395720
84_3_roi.png,156.36,178.36,140.03,60.31,178.91,86.00,51.20,395720
85_3_roi.png,135.37,170.00,143.69,56.80,170.50,136.00,42.80,395720
86_3_roi.png,134.31,166.19,136.25,57.57,166.74,110.00,46.20,395720
87_3_roi.png,135.48,169.69,136.15,60.52,170.27,110.00,45.90,395720
88_3_roi.png,134.89,169.07,130.70,67.16,169.51,106.00,45.06,395720
89_3_roi.png,143.54,165.45,151.50,38.11,166.85,160.00,44.40,395720
8_3_roi.png,155.89,178.23,149.13,48.69,178.97,92.00,46.97,395720
90_3_roi.png,151.59,183.81,144.41,60.75,184.18,98.00,38.87,395720
91_3_roi.png,137.85,167.49,142.74,52.00,168.30,138.00,46.80,395720
92_3_roi.png,154.24,168.63,155.35,32.80,170.46,92.00,40.74,395720
93_3_roi.png,139.94,167.08,142.56,47.82,167.61,110.00,43.96,395720
94_3_roi.png,133.85,170.71,130.52,68.11,171.12,110.00,41.42,395720
95_3_roi.png,139.28,164.95,145.21,43.98,165.74,138.00,41.58,395720
96_3_roi.png,157.94,173.29,152.30,39.99,174.94,86.00,46.81,395720
97_3_roi.png,153.97,172.62,159.79,36.09,174.91,100.00,39.33,395720
98_3_roi.png,134.92,167.71,131.67,63.08,168.06,106.00,41.89,395720
99_3_roi.png,136.35,171.16,131.29,66.89,171.52,102.00,43.63,395720
9_3_roi.png,154.94,178.16,141.07,58.04,178.70,92.00,46.96,395720
